 -------------------------------
 set   1 results ...
 a   =    0.936371
 b   =     2.02916
 chi =     127.335
 -------------------------------
 set   2 results ...
 a   =    0.991136
 b   =     1.99919
 chi =     36.3036
 -------------------------------
 set   3 results ...
 a   =     1.23378
 b   =     1.89825
 chi =     563.757
 -------------------------------
 a =     1.05376 +/-    0.158287
 b =     1.97553 +/-     6.85897E-02
