structure(list(Quant = c(0, 0.5, 1, 1.5, 2, 2.5, 3), Lower = c(0.5, 
0.308537538725987, 0.158655253931457, 0.0668072012688581, 0.0227501319481792, 
0.00620966532577613, 0.00134989803163009), Upper = c(0.5, 0.691462461274013, 
0.841344746068543, 0.933192798731142, 0.977249868051821, 0.993790334674224, 
0.99865010196837)), .Names = c("Quant", "Lower", "Upper"), row.names = c(NA, 
-7L), class = "data.frame")
